ZEROS 6
 +0.000000e+00 +0.000000e+00
 +0.000000e+00 +0.000000e+00
 -3.163000e+01 +0.000000e+00
 -1.600000e+02 +0.000000e+00
 -3.500000e+02 +0.000000e+00
 -3.177000e+03 +0.000000e+00
POLES 11
 -3.661400e-02 +3.705900e-02
 -3.661400e-02 -3.705900e-02
 -3.255000e+01 +0.000000e+00
 -1.420000e+02 +0.000000e+00
 -3.640000e+02 +4.040000e+02
 -3.640000e+02 -4.040000e+02
 -1.260000e+03 +0.000000e+00
 -4.900000e+03 +5.200000e+03
 -4.900000e+03 -5.200000e+03
 -7.100000e+03 +1.700000e+03
 -7.100000e+03 -1.700000e+03
CONSTANT 4.195660e+26
