 2002-03-16T21:33:24.076  -119.359690    33.655510  15.105   4.60
 2003-02-22T12:19:10.320  -116.848830    34.312500   4.450   4.98
 2004-09-29T22:54:54.479  -118.632080    35.385840   7.096   5.03
 2005-09-22T20:24:48.615  -119.026660    35.015850   8.678   4.69
 2008-07-29T18:42:15.270  -117.766000    33.951000  14.820   5.44
 2009-01-31T21:09:22.651  -117.779870    35.414330   9.933   4.39
 2009-05-18T03:39:35.830  -118.339830    33.931670  12.540   4.70
 2009-11-15T22:45:27.248  -119.287610    33.183480   9.564   4.35
 2014-03-29T04:09:41.550  -117.935170    33.920670   5.270   5.10
 2017-10-26T20:38:51.166  -120.604550    34.475550   6.899   4.33
 2018-04-05T19:29:16.750  -119.715170    33.849670  10.210   5.31
 2019-06-05T14:32:09.943  -118.515370    32.868890   7.766   4.30
